3.847023724564449521e-02
4.586181428539316540e-01
6.485165598729064618e-01
1.269728480925592096e-01
1.515582113951033719e-02
3.052272107209508169e-03
4.909347258829385332e-15
5.881722691107265089e-01
1.437158667045892735e-01
2.221437300205108753e-03
4.825235030461038840e-03
1.530221444505162620e-01
4.410434356262004892e-04
2.507951578743060628e-01
6.871210149707356190e-06
5.985652172788919617e-02
1.561910766185527211e-01
6.519506697087363856e-01
2.461539570642025943e-01
3.054997756098324843e-02
1.039273186291723994e-02
4.176900749592819817e-02
6.210880032495417202e-01
5.630850877019296652e-01
9.785563364494062610e-02
1.862427798954129077e-01
9.089878452428738374e-04
2.953370124563930998e-02
2.773450770660664672e-02
1.667504026130311734e-01
2.350720229298271235e-02
2.060245444910446810e-01
5.140496735528744809e-02
1.509710413653082284e-01
7.692797356350315752e-02
3.506078998286227821e-01
5.036792528327346113e-02
9.633268147294772321e-01
3.854230655163831121e-01
9.807505629589990948e-02
1.784282111595654752e-01
9.371051879102081372e-01
2.315012776054723720e-01
1.135661930608831832e-01
1.191976861888017277e-06
5.941055646764473869e-02
4.426530144107577169e-01
7.138186779963875961e-02
6.138028084876727408e-02
6.344876439933637702e-01
8.145975723731950779e-01
5.227970612519978744e-01
6.070236453599937576e-01
9.139567220113276047e-01
7.768343758969702417e-01
9.938622845733317002e-01
5.969980577429057078e-01
5.604222511841701060e-01
8.856354197998230759e-01
9.127348867817550726e-01
9.616746502781312600e-01
8.744716876055912413e-01
3.452494415354950275e-01
9.902068678996915896e-01
9.349750830406549085e-01
9.729050662057869836e-01
9.460575050311040846e-01
7.606314139881404923e-01
8.000558167860754022e-01
9.410787813010046410e-01
9.953075884702342613e-01
6.920281683081489499e-01
9.081418265093971209e-01
8.714818190728793601e-01
9.475942470223713832e-01
9.375424731197008477e-01
9.908185412779371148e-01
9.263747636071610891e-01
9.895570191815978855e-01
6.040183144683949346e-01
3.051399884504765736e-01
9.946710424822887697e-01
9.009613362722925789e-01
9.867441368237225285e-01
9.012301276875319678e-01
9.656321404095663530e-01
9.693302021129858170e-01
9.135680378546326974e-01
9.356113024874174178e-01
8.652346337417960997e-01
5.955460078088165021e-01
8.233140875810891490e-01
7.916148187307060491e-01
8.243916471427353843e-01
9.214254091554983095e-01
9.422209250135736847e-01
9.649026350028629961e-01
9.255632972428580185e-01
9.461846561210356388e-01
8.293872866124599730e-01
