1.345261018606108564e-03
2.809525852807138735e-01
3.191758482044686901e-02
2.334369858953841068e-02
7.163057820946766747e-03
1.008327040021774479e-01
2.218959904519098025e-02
1.790954556504393115e-03
2.410848377803992068e-02
5.553494668204185525e-02
1.070115241975578202e-03
1.035103648725133191e-01
1.586099342664374148e-02
8.475854782878633129e-03
3.900595463550943047e-04
5.536190810645962301e-01
2.309648971230017778e-01
1.434390480918504686e-04
3.232767431413122172e-02
2.743299401438975549e-02
4.316281919368795267e-02
7.125340333807036021e-04
4.442498786903586148e-03
1.166470527369573885e-02
1.968294486068186966e-01
2.117654527942109677e-01
3.084605086318480405e-01
4.996352672026274644e-01
8.838479857913010551e-02
1.806159738101952017e-02
5.817443891608602147e-02
9.322244481141696015e-01
9.088465402390839554e-01
1.184552661931463913e-01
2.211412083149078348e-02
1.863738778993923604e-03
9.106357404182686271e-03
5.948833111052959956e-03
7.974686856481982486e-03
1.828373357752426098e-01
2.899327587866314462e-02
1.527045938783285362e-03
8.218927310945704778e-02
5.864564338809980654e-02
3.938580547510049136e-03
2.705464203533894940e-01
1.777602042774650559e-01
1.380299997171566956e-02
2.354079522815714465e-04
1.829586177426348673e-02
9.849039847561155137e-01
9.892535599316478745e-01
9.967745810240553617e-01
5.915429727123030501e-01
7.369979919947988733e-01
4.911358668634465685e-01
6.550490414512170900e-02
5.648508785963788359e-01
9.937047096725366568e-01
9.990880164674728059e-01
7.680310066132602920e-01
9.985995496920913039e-01
9.458781673637172149e-01
8.735717244294596284e-01
2.200671162999905395e-01
9.946606101594502869e-01
9.215890447583146017e-01
9.977110308239248715e-01
9.945679489669071449e-01
4.131849858129562625e-01
9.898966098267090175e-01
9.967219161214702083e-01
9.998249371625789195e-01
9.881765113239272535e-01
7.612642316321769353e-01
7.598659282980508856e-01
9.959116403489884917e-01
9.904456888639011636e-01
9.608702972441259815e-01
9.297029113399563061e-01
2.295480358749377170e-01
9.664733397141833660e-01
6.908506232179336681e-01
8.981950981439291715e-01
9.992210500280838126e-01
9.942491947615279546e-01
9.442409806595568611e-01
9.945723991740106351e-01
9.905588901508273203e-01
7.281471308049172197e-01
9.398187477668863421e-01
9.429751568374846737e-01
4.354567969794378435e-01
9.994614705987161507e-01
9.435173125299960439e-01
8.902726175446853407e-01
9.869587545513984761e-01
9.954498464177435890e-01
9.996325110530533964e-01
9.369800885471957219e-01
