1.622746610734281347e+01
1.653221345238482520e+00
1.651921111894317562e+00
8.691769670464539743e+00
1.020856508613382729e+01
5.246855794140612517e+01
2.582687764025898650e+07
1.896473422059920422e+00
9.331475333164128472e+00
4.467541529982586468e+01
8.819754543907539102e+00
7.563741778094335899e+00
1.450404595260621079e+02
3.356221648173869365e+00
3.205386993842307106e+02
1.437268269001678789e+01
4.030944867848432978e+00
1.494692323317398763e+00
1.521643322865696479e+00
1.215428401296767547e+01
1.938719958578556302e+01
2.136686568775669315e+01
1.757524266938112589e+00
1.552989362217161773e+00
7.428788441408280541e+00
3.036271318283015219e+00
6.436462170808695760e+01
3.056069738645894773e+01
3.374878111799957736e+01
5.070657399653216935e+00
3.030781502174595943e+01
5.413360261936853490e+00
1.958958424447704871e+01
3.973083591134662917e+00
2.467248703768249118e+00
1.997010528535767548e+00
1.453348914911754086e+01
1.058068936291521434e+00
3.154912181446580366e+00
1.162864625431433474e+01
3.512620440602755689e+00
1.092601087038873597e+00
5.057263588060736836e+00
7.444550980472408597e+00
1.259579243043839142e+03
1.730630016683469918e+01
2.358178725019008048e+00
1.063551801798237939e+01
1.300287821219530926e+01
1.621063209290271256e+00
1.122388600639714573e+00
2.527622765961973883e+00
1.314151140766407266e+00
1.198499946255783488e+00
1.374798956276224615e+00
1.014111888720439447e+00
1.856916213181665443e+00
2.043340305393295253e+00
1.224567111015619991e+00
1.126499540518498543e+00
1.073201746574957705e+00
1.211313470687578331e+00
3.850539476482889523e+00
1.021424831790191279e+00
1.092165434770468568e+00
1.061649933328793649e+00
1.098746903633071037e+00
1.209088022428833620e+00
1.453078104257389036e+00
1.089041891485815094e+00
1.009031976727420732e+00
1.766107997176066924e+00
1.184323670927408978e+00
1.283346449979740456e+00
1.098629098129278781e+00
1.073072740782759826e+00
1.023588982061825359e+00
1.164592629715536010e+00
1.017207794427679168e+00
2.106043272493725027e+00
4.394256326155959513e+00
1.005000429803282413e+00
1.133248968837363924e+00
1.025326865275133059e+00
1.211067118829011413e+00
1.062983910077752503e+00
1.061585905559810028e+00
1.172237412397279410e+00
1.123247074947316015e+00
1.074366495905906937e+00
2.152625295651879433e+00
1.328730495702758363e+00
1.395221178914652915e+00
1.305329476934466992e+00
1.137557442763300841e+00
1.128691825071026056e+00
1.083889856700290588e+00
1.143400868492403077e+00
1.052470344618176457e+00
1.377184612920323570e+00
