8.909512730425121845e+02
3.508060969806386264e+00
3.347323701064024704e+01
4.630970182207736485e+01
1.557158608915523246e+02
1.003405652852373819e+01
4.866610903049087256e+01
6.678867226437097315e+02
4.470116360310210979e+01
1.881027844358998635e+01
1.129600830859382313e+03
9.866139148794221825e+00
6.852458546347695290e+01
1.325484277630463623e+02
3.185482645759317165e+03
1.760561099382230488e+00
4.284499899698992920e+00
9.060482312178481152e+03
3.294935371886770525e+01
3.924114036273270045e+01
2.445634373105219694e+01
1.719990610276797497e+03
2.587191323419485798e+02
9.537618125017901605e+01
5.058517759650734469e+00
4.689906832355342559e+00
3.178188069299937801e+00
1.949615947410385131e+00
1.163110485832810070e+01
6.044311042905027165e+01
1.787621984186798230e+01
1.062346200466113277e+00
1.087671496811982719e+00
8.567153119674001616e+00
4.905480445984417770e+01
6.346087794468517131e+02
1.224936746888400165e+02
1.906477513240767792e+02
1.411438707123098766e+02
5.491686072669909713e+00
3.691164833251299626e+01
7.836308640041287390e+02
1.251742852607362266e+01
1.774547701236104302e+01
2.933670872247835746e+02
3.642113075576963954e+00
5.618949798170708831e+00
8.013982266025367096e+01
5.424777007768694602e+03
5.958552902350194103e+01
1.012439293643822458e+00
1.008744622656511547e+00
1.002492641159948628e+00
1.643526266873642339e+00
1.326062265858143130e+00
1.980030373858889803e+00
1.579766517179058027e+01
1.722894254689962157e+00
1.005007496186040017e+00
1.000668863038721712e+00
1.273033491651085036e+00
1.001052857865609491e+00
1.048531729089753117e+00
1.127907617676578989e+00
4.518296533996940312e+00
1.004182364067851552e+00
1.073343773275904134e+00
1.001744840906208633e+00
1.004276315074269954e+00
2.365784142036284177e+00
1.008208713964514169e+00
1.002544059446784930e+00
1.000122117912168651e+00
1.009585673383622373e+00
1.286274535680181019e+00
1.286479305527933992e+00
1.003187122326764324e+00
1.007733398671827763e+00
1.034676652297435107e+00
1.065216652703729228e+00
4.316138645375020566e+00
1.029027524969528207e+00
1.410293311246621606e+00
1.098649946204607541e+00
1.000570837150365877e+00
1.004528179309285951e+00
1.049926314789235038e+00
1.004301680602873281e+00
1.007578475632681769e+00
1.340060685178927180e+00
1.054924892835224615e+00
1.051907455265086444e+00
2.240816580766210819e+00
1.000388730300578066e+00
1.051531853424498841e+00
1.107692943722179191e+00
1.010681299924732768e+00
1.003570124731452129e+00
1.000261793815586220e+00
1.057368050268775450e+00
