2.183453525093058852e+04
9.198839047109053958e-04
8.436618188128524926e+05
3.358532564841132491e-07
2.179426928802069069e-13
1.123517023616855542e-01
4.126979193019047786e-12
5.192397346706700158e-21
4.556001497261389605e-11
1.281915297509769847e-26
1.951319889927454385e-06
2.851136649350039020e-18
1.063026277011397229e-04
8.203156275354368644e-08
1.168807780199906353e-21
2.237723740076072364e-07
2.742865817221968812e-06
1.407926480551656066e-06
6.626195274054959031e-19
2.670081479122752030e-23
3.720834877843772753e-08
2.207198167564964471e-26
4.621061867235434202e-09
1.337920182229648702e+00
4.732397535889892883e-20
1.006283919298903470e+03
9.115747571760254225e-17
2.123233068009989298e-09
5.476768892833128461e-09
3.182954469449196367e-10
1.816857634407134728e-18
2.957165337108888102e-04
7.446955769760468247e-01
4.611623523279488436e+05
3.406347975147967145e-14
1.328400678565528324e+04
9.286000608784065293e-15
8.518029276562114268e-08
2.934402250098735906e-15
9.980548128391156206e+04
1.162603775551470167e-03
7.617921486272094000e+01
7.230427120847393065e-20
9.100653490361581966e-20
2.913184052935684054e+00
1.205129284232396230e+03
1.570393032374332698e+00
1.052516559973269481e-20
1.868872278353498289e-13
2.660666976261762248e-06
1.548764514165587314e-08
4.209972005464397324e-22
2.804087508257407219e-04
2.165352092760155320e-21
2.623388717242430314e-03
1.304893478427245009e-15
4.070534887277288405e+00
5.444906824094279153e-03
1.070985186739981804e-02
4.553129671242373048e-16
1.544533200836013930e+04
1.938177383401689990e+00
1.244089260480270688e-03
2.567562374509894924e-18
3.623563733023770114e-17
3.475647616962006145e-05
8.410559378342696163e-21
1.744886397115653054e+01
3.112002109614921327e-12
2.885874951339136041e-10
8.323900708563457087e-18
1.653096548324503111e-20
8.753671651690760195e-19
2.974666810811794725e-09
7.102857179803891669e-14
3.621721461628203481e-07
2.154968034482975310e-17
1.721972140352495018e+00
1.127740415690061973e-10
5.064093277504252691e-06
1.089029726847783700e-07
3.560129603349740379e-02
1.811402778132428670e+00
5.727901051628555251e+02
4.119093005185417899e-05
3.773986082167177964e-17
1.604932225993674660e-14
2.447819591615594955e-10
2.481967254668967615e-16
5.041839191935903566e-11
8.292446262857612772e-12
2.514501674061499973e-08
2.228911974120223374e-03
5.617838401305818282e-22
5.049447267457627211e-23
3.188914884680067806e-24
1.581996318179662575e-02
2.027308912232659328e-08
2.407168916270153936e-13
2.054702424912198742e-16
4.789968512534874207e-06
9.483058725896327727e-20
6.406624677796971083e-17
6.154050079758619507e-01
5.979336272374201400e+00
1.921176574655962267e-09
2.920823927346955842e-06
7.913579800586452613e-04
1.012926967847360561e-21
2.154213643265730091e-14
1.253192018341389712e+03
1.465118049386904154e-20
7.925576781826523529e+02
1.114196812304870804e-01
1.910482206508894461e-11
2.622783264921852480e-12
8.205916825831984232e-18
3.681804837467740014e-03
4.175912842306665762e-03
4.129011577707372256e-11
1.392868732271774351e-02
6.391581382173612391e-10
1.441887627876355715e+00
2.036150205903542054e-24
3.091077568900810578e-11
2.680786800678818682e-05
3.527351261256454733e-22
3.161095474430498653e-01
6.498108810203767407e-13
2.316124048066951320e-06
1.660908283963178534e-15
8.431094402319027949e+02
1.417131308403942569e+02
9.814651655733286469e-23
3.276022216509447021e-22
1.668462326737693180e-13
1.251341078953388752e+01
4.256560486430393271e-26
7.138969111943387732e-21
2.391758917006528624e-13
8.956374002414340882e-04
1.731678287496880074e-08
3.062894444113308713e-18
2.001813536252447272e-19
6.168864871196290053e-04
7.556000263932820800e-23
1.323524157484563911e-21
7.020852739491353911e-02
1.798058980123668977e-20
5.330932376188124567e-22
2.006307192548262171e-17
5.956742189434907717e-23
7.590886988635012960e-22
3.248864587317332363e-10
1.573152341240904584e-01
7.871362742287057642e-13
9.815663375827406298e+02
3.021506259137055755e-04
3.398872892946223218e-02
5.014114916870336947e-01
2.137155845448496610e-06
6.483642493230858008e+02
8.592194608366888515e-06
2.758402895843233344e-12
2.106369690298448000e-13
1.815354836363723036e+06
2.025328986338845194e-26
2.491114904839621434e-06
2.788514307872678954e-08
3.265390210848118465e-05
8.166763141377941076e-12
1.640684842370423747e-08
1.522439684649632197e+00
1.398107686344619154e-07
8.970324879318393130e+01
1.199583576004822021e+02
1.019746423652679950e+05
5.368791985605092064e-16
5.455734687935697689e-15
1.154231426910750965e-07
3.920419439478587756e-08
3.438968928755826950e-21
1.612938331091261642e-08
9.791989161292568421e-12
6.577516957758492936e+03
8.881151490334227113e-19
2.584989149026292935e+07
9.095642192556746003e-18
1.350683717105846107e+07
2.470235033707992864e-08
6.501079285734793913e-06
4.170087329530102263e-03
1.731098398980096092e-15
6.680753493262362183e-16
1.015200690840346580e-10
4.826637336553412754e-13
4.442495694038487386e+02
8.809929105336770165e-21
3.003221695024477136e-03
1.251283702136474668e-16
3.777758496538978043e-15
3.462381256272619066e+04
1.412968601063308949e-04
1.190800425736476797e-25
2.197838603696683422e+05
1.785194771001875354e-17
4.652823596339932410e+05
1.009583019771185475e+00
2.188348353533572514e-12
5.778065930430756882e+06
1.125400717498938110e-09
1.171091930398132262e-04
4.035320704885704620e-11
3.536606892896192285e-17
7.450290576671108617e-23
5.376279059196717689e-11
6.029839522976154740e+02
1.127639915074471304e-02
4.685604473728833611e-21
1.447041989565342432e-14
2.276300873767734174e+02
6.570722679654713829e+02
1.261656001739622030e-12
1.075972043285476407e-16
1.597057672018400262e+04
2.527596944825671865e-20
7.239535802253324603e-02
2.316241595120830050e-18
2.699547564180451004e-04
1.120608231548491950e-10
2.741595102361816830e-23
3.276675750268327191e-26
1.714646474872800704e-04
1.751565394511246865e+01
3.344864881649402717e-06
2.139644919463946950e+06
6.923772065780718003e-16
1.814529945244197199e-11
5.213731533597417622e-20
1.070033186627087437e-14
1.538334232127667642e-20
9.955297367732098453e-10
3.438599053037645267e-07
1.709618940879218566e-16
3.200168089870572658e+03
4.974307287409852618e-01
1.616848437021183713e+02
3.449813436337458976e-23
3.553670538877599516e-18
1.028830794285202410e+00
