1.128717852880409822e-01
-8.786025693915169299e-01
7.544993703393640949e-01
1.593738509299219563e-01
8.569827941439641661e-01
2.765178145561517642e-01
1.616036736974116317e-01
9.298183462755904571e-01
9.919610863896224373e-01
8.816572059571550213e-01
1.029915855922782786e+00
7.787664443968785044e-03
-6.772094280918175002e-01
4.887214401640536110e-01
-1.136473494734602241e-01
6.463822480696137518e-01
4.656894174173891177e-01
7.497799912081699603e-01
-6.528419016386450835e-01
-5.690773717797590336e-01
-2.316783387533991601e-01
-5.682710834110658027e-01
1.281419119115909666e-01
-8.325204969762243223e-01
-9.135833241345983069e-01
-9.108193393908825541e-01
-5.506163770322132223e-01
-5.867420294391028079e-01
-6.133110326857575956e-01
6.808697294501371289e-01
5.097513798250845607e-01
1.059286849160285593e+00
2.015630330417614857e-01
-9.476261440536859482e-02
3.748339123002928375e-01
9.206562367531416768e-01
1.002103904842961413e-01
7.495659541192023489e-01
-4.777620609772412763e-01
6.824872628438145572e-01
-5.201614280874871099e-01
-1.569012063317600791e-01
-2.180318199403936674e-01
-6.130301148404844191e-01
3.688637356459167904e-01
9.357476583852482044e-01
7.394897841500363000e-01
4.497553344918342466e-01
9.203059789570660065e-01
-7.320623763850431232e-01
8.690436292141714425e-01
6.779930309228692220e-01
-9.198633193483640724e-02
-8.598227030310299362e-03
3.110366279470054840e-01
2.677211110196476840e-01
4.473783888282005239e-01
-9.942566653110045394e-01
-5.183727207622190747e-01
1.024491887518113264e+00
1.037869635027238946e+00
-5.483813149362917194e-01
-8.969824662550491823e-01
-2.627921009902927096e-01
8.821609539007457812e-01
5.522054299023597679e-01
8.973083096930332125e-01
-5.584730907405011102e-01
5.350337836173189032e-01
6.607217891340666505e-01
-6.650366892142010045e-01
1.244561016157822442e-01
-8.909614677909853953e-01
9.358778323934280330e-01
7.063108031405516130e-01
5.430135285479176233e-01
2.853690108859741059e-01
-9.478587568490937088e-01
2.328278737470785842e-01
1.147216372604261680e-01
2.116375172029508756e-01
-7.167712665349590395e-01
-9.249301804978049546e-01
5.488539993014107665e-01
-1.932463936695878459e-01
-8.458850707339554686e-01
-2.586093840234617858e-01
7.563953826425926508e-01
9.123295701671749747e-01
-4.993063452190007467e-01
-7.953794783165788473e-01
-3.766062530220075644e-01
8.695184130837727565e-01
3.552748692153835652e-02
1.057574759859913005e+00
2.248451836607294752e-01
-8.763423434979245030e-02
-8.751001842057286595e-01
-9.845812143739601785e-01
6.841048570786498750e-01
-7.645767596782766518e-01
6.308163394192145557e-02
9.130504691911358606e-01
3.061040103096639431e-01
8.013395958833386956e-01
-9.791399262459585806e-01
-5.515919499007297944e-01
-2.704720596424472490e-01
7.546908664758316121e-01
-8.092745005812886916e-01
4.448485282658332096e-02
-8.880827438923439843e-01
4.949296084623613368e-01
6.769527155860692869e-01
-9.128144064471541697e-01
-8.964110229671611307e-01
4.041026092463666508e-01
1.149506285225356805e-01
4.039584051540145992e-03
5.127154094051675770e-01
-4.341715981875875485e-01
1.862092281686822393e-01
2.041879073357222296e-02
-3.285379467954747668e-01
3.055276777709785563e-01
-2.559600306316092144e-01
-4.197806381655713182e-01
5.987961187830277421e-01
-7.943543381173157059e-01
1.053776934989058001e+00
1.783133761898197944e-01
1.554559378537045955e-01
-3.283140269354269947e-01
2.052158582304315360e-01
4.491976060380611924e-02
1.462033375015383829e-01
-9.356877161653947006e-01
-8.247470137362657994e-01
9.102449628586102293e-01
1.026582861134222036e+00
-5.973163230590223804e-01
-9.747447408737359709e-01
7.157163812117317558e-01
8.576152467856363870e-01
-5.514188389492589160e-01
-7.207485272459521752e-01
2.680612294083699609e-01
-7.093745091027985339e-01
-7.591938601529686359e-01
4.082553006715183841e-01
-9.853975605035820706e-01
-7.739555654297713971e-01
4.831726780359719697e-01
5.290849021147447928e-01
9.313304355783578181e-01
-7.190956477001755331e-01
-6.269654025669737507e-01
4.851354575894233356e-01
4.659932890632774161e-01
2.730176336565036666e-01
9.538825963607067138e-02
-2.394386548586746599e-01
9.797815045343840623e-01
6.645270457861651714e-02
6.153249177641324508e-01
-9.317982510076996405e-01
-6.948467575936554397e-01
-3.008789422380573342e-01
9.425318768936601366e-01
-6.724345646840159674e-01
1.627475589278333246e-01
8.861893381966595706e-01
5.126162222079528874e-01
4.574917787588681506e-01
7.819842776827383712e-01
-7.106431986741021944e-01
-1.916562874374605485e-01
7.534745872532975230e-01
-1.344748840049572181e-01
-6.708886636249813407e-01
4.450276657862609064e-02
3.300845806269450122e-01
-6.354322552490483389e-01
7.562689265095723368e-01
2.546356265895397541e-01
-8.420310856713841829e-01
-9.555837796312474097e-01
4.196287920478116718e-01
-6.365406748775299661e-01
2.939017104531803093e-01
7.735346267775149443e-01
-9.718890132747142196e-01
3.302352775881445268e-02
8.225236740302079852e-01
6.862268197774827883e-01
3.015216248422323275e-01
1.364432649846200052e-01
-5.928198080724307317e-01
3.132801851376747493e-01
1.038496552847591570e+00
